   1.2213834e+00
  -3.4016949e-01
  -2.0231353e-01
  -3.6225418e-01
   5.6335876e-01
  -1.9275112e-01
   3.1896156e-01
  -5.2049549e-01
   5.7966061e-01
  -3.5399364e-01
  -2.3656628e-01
   1.0740014e+00
  -7.5346528e-01
   3.0093508e-01
   2.7173316e-01
  -2.1904885e+00
  -1.2206479e+00
   6.0486140e-01
   3.0184934e-01
   1.3685787e-01
  -8.9618748e-01
  -1.8879942e-01
  -8.2055338e-02
  -2.8845476e-01
  -3.9552456e-02
  -6.5012012e-01
   1.3357885e+00
   1.7341789e-01
  -1.3601001e+00
   1.1889389e+00
  -8.8314643e-01
  -9.8857803e-03
   4.6822963e-01
   4.3344109e-01
  -9.1964835e-01
  -1.5984790e-01
  -5.2275965e-01
   7.5680790e-01
   9.0890413e-02
   1.0067970e-02
  -1.2098883e+00
  -4.2081111e-01
  -5.8107786e-01
   4.9407821e-01
   7.2074211e-01
   3.1695334e-01
  -4.9329661e-01
  -5.2439707e-01
   9.9740625e-01
   4.4683528e-01
   2.8468861e-01
  -7.1064191e-01
  -1.5835273e+00
  -1.0205647e+00
   1.8327019e+00
   3.1192238e-01
  -1.0023330e+00
  -4.3367591e-01
  -8.8193317e-01
   9.8866871e-01
  -5.1608054e-01
   5.1135705e-01
   1.2142567e+00
  -4.3204048e-01
   6.9175620e-01
  -1.8701899e+00
   6.5807632e-01
   1.6063652e-01
   1.4534892e+00
  -1.7110757e+00
   1.7132031e+00
  -2.1717180e-01
   5.2638229e-01
   4.3724810e-01
  -1.0468118e+00
  -1.5733990e+00
  -1.0459584e+00
   9.9429894e-01
  -2.0032256e-01
  -3.2151697e-01
   4.9519529e-01
  -3.6071643e-01
   1.9538245e-01
  -7.7751442e-01
   2.5756498e-01
   2.1809085e+00
   9.2440286e-01
   2.6149006e-02
  -7.5877047e-01
  -8.2088257e-02
  -1.3159376e+00
  -8.0374289e-01
  -1.1506934e+00
   1.1086313e-01
   4.9087826e-01
  -1.0757945e+00
   1.6451697e+00
  -9.2777443e-01
  -1.5939095e-02
  -4.1151517e-01
  -1.9031350e-01
  -8.1921422e-01
   9.2359543e-01
  -2.0443335e-01
   1.8214700e+00
  -4.9671787e-01
  -5.8878845e-01
  -9.4669835e-01
   9.8876160e-01
   6.5663961e-01
   3.4326600e-01
  -1.5594537e+00
   1.0203924e+00
  -2.1534787e-01
  -1.6449909e-01
   8.9515112e-01
  -1.2682038e+00
   4.0557379e-01
  -4.5438199e-02
  -9.8715833e-01
  -1.0531299e+00
  -2.0864218e-03
   2.6367601e-01
   1.4904847e-01
   1.0993621e+00
   1.5663457e-01
  -1.1278172e+00
   1.3865003e+00
  -4.0967757e-01
  -6.8548227e-01
  -7.6167845e-01
   2.5373029e-01
  -2.0760185e-01
   1.8306356e-01
  -1.3948459e+00
   3.4922408e-01
   1.2597045e+00
  -1.6227150e-02
   2.0590178e-01
   4.3987661e-01
   7.8602849e-01
  -6.9770473e-02
   2.1365354e-01
   1.8534198e-01
  -9.8730259e-01
   1.2362936e+00
  -7.1821957e-01
   9.1526943e-01
  -5.2581008e-01
   1.5064069e-01
  -1.2277235e+00
  -5.4746982e-01
  -9.3494647e-01
  -5.5760025e-01
   5.4155588e-01
  -3.3884530e-02
  -2.1511153e-01
   4.3674357e-01
   3.6596548e-01
  -4.1709851e-01
   1.4151989e+00
  -8.8189578e-01
   1.5175662e-01
  -5.4342797e-01
  -1.0601602e+00
   7.3973524e-01
  -2.1598882e+00
   1.6893993e+00
   2.9671767e-01
   1.6491786e-01
  -3.7490665e-01
  -3.7559214e-01
   3.2216988e-01
   6.6445898e-01
   6.6796693e-01
  -1.1828125e+00
  -2.2530469e-01
   7.4219545e-01
   8.1613634e-01
   3.7491759e-01
  -1.4219274e+00
  -2.4311288e-01
   4.3761649e-01
  -6.7856079e-01
   2.3262512e+00
   4.1703789e-01
  -9.5086716e-01
  -1.9647226e-01
  -3.7249949e-01
   3.8455464e-02
  -1.7995147e-01
   1.1131367e-01
  -1.9617482e-01
  -4.8656812e-01
  -6.7594046e-01
  -1.2929125e-01
   8.0397951e-01
   4.2338945e-01
   8.3510840e-01
   8.5156652e-01
   5.6019582e-01
  -9.5490514e-02
  -7.7598346e-01
  -4.2534077e-02
  -1.2892207e+00
   8.0111413e-01
  -4.9890096e-02
  -1.8223513e+00
   7.7282227e-01
   6.7591698e-01
  -3.0718948e-01
   4.1797839e-01
   3.9160099e-01
   9.4455046e-01
  -5.1025704e-01
  -1.3162763e+00
   1.9599403e+00
  -4.1059332e-02
   4.4634918e-01
  -1.5302570e-01
  -1.6269418e+00
   4.4670291e-01
  -8.4141915e-02
   8.3268846e-01
   1.4039893e+00
   6.6072316e-01
   2.4516233e-01
   1.8097721e-01
   1.0697279e-01
   1.9778993e+00
   4.7077438e-01
   4.2720972e-02
   3.9080741e-03
  -1.1168299e+00
  -4.8576636e-01
  -9.6267058e-01
   6.9793699e-01
   9.2495263e-01
   2.7882469e-01
  -5.6209750e-01
   1.2099084e-02
  -1.8313778e-01
   1.6034303e-01
  -1.2167526e+00
   2.9645242e-01
   4.0066477e-01
   1.0620041e-02
  -7.2368756e-01
  -5.1488788e-01
   6.7277695e-01
  -4.9189775e-02
  -4.7670392e-01
  -9.4221085e-01
   5.7162132e-01
   7.9084673e-01
  -3.3059907e-01
  -2.9120222e-01
   2.2655065e-01
   8.7290499e-01
  -4.0709318e-01
   1.5559189e+00
  -2.6409723e-01
  -1.1609058e+00
   1.0693391e+00
  -4.3848151e-02
  -9.4359459e-01
   3.2020716e-01
   9.7697449e-01
  -2.1793559e-01
  -2.1850037e-01
  -5.2305580e-01
   2.6119622e-01
   7.5835014e-01
  -1.0464775e-01
   1.4739788e+00
  -2.4720984e-01
  -3.7163081e-01
  -3.9232748e-01
  -9.4343555e-01
  -1.4691176e+00
   5.5923421e-01
   2.5901423e-02
  -7.5123964e-01
  -2.3597080e+00
  -8.7265715e-01
  -7.3409141e-03
  -9.2269701e-01
   2.1290020e-01
  -2.6519902e-01
   1.6667106e+00
  -8.9320510e-02
  -2.8199275e-01
   2.5126811e-01
   1.9205892e-01
   8.4070801e-01
   5.1203758e-01
   7.2666221e-01
  -4.8344660e-01
  -2.4356101e-02
   8.0061485e-02
   1.1122589e+00
   7.1862973e-01
  -2.8700604e-01
   1.9222324e-01
  -3.3003146e-01
   1.7360568e-02
   6.6126449e-01
  -8.3406059e-01
  -1.3623834e-01
   2.4555372e-01
  -6.8539369e-01
  -4.2913210e-01
  -7.0482710e-01
   1.2614398e+00
   7.2314123e-01
   1.6451586e+00
   1.4776832e+00
  -3.2394912e-01
   7.2449523e-01
   1.0411161e+00
  -1.6412490e+00
   3.7129386e-01
  -8.8788121e-01
  -1.8521876e+00
  -4.7124749e-01
  -1.1564971e+00
   1.2496491e+00
   4.9596406e-01
  -5.7884068e-02
  -4.3909643e-01
  -1.0473463e+00
   1.5743249e-01
   1.4734321e+00
   1.3643703e+00
  -8.3965971e-01
  -4.5778312e-01
   9.4539056e-02
  -1.5933012e-01
  -3.6505345e-01
  -4.5566160e-01
   4.8946582e-01
  -8.9545637e-02
  -4.2349396e-01
   4.6056111e-01
   6.4945046e-01
  -7.2914494e-02
  -1.2057975e-01
  -1.1623424e-01
  -5.7059018e-01
   1.6250094e+00
  -1.9972511e-01
  -1.5980569e+00
  -8.1672822e-01
   7.0817871e-01
  -3.3925272e-01
  -1.4598558e+00
  -3.0654717e-01
   1.2314815e+00
   4.4371404e-01
   3.1853472e-01
   1.6600980e-01
   4.2174121e-01
   1.3911478e-01
  -7.9567327e-01
  -1.9598151e+00
  -6.6688059e-01
   6.5416605e-01
   6.4792488e-01
   1.7050023e+00
  -8.1046541e-01
  -1.5923901e+00
  -9.1393292e-01
  -4.8230495e-02
   1.9038076e-01
   3.2088135e-01
  -1.5484678e+00
  -5.8116470e-01
  -7.4028820e-01
  -3.1367943e-01
   1.8710346e+00
   1.0020240e+00
  -1.3747667e+00
   1.3046445e+00
   8.0369386e-01
  -1.3900442e-01
  -2.2566887e-01
   1.5559169e+00
  -8.9583158e-02
   7.7232478e-01
  -8.6772092e-02
   6.9776676e-01
  -5.3594587e-01
  -1.4591998e-01
  -9.4010643e-01
  -1.9710200e+00
   1.5114778e+00
   2.4294545e-01
   1.0297881e+00
  -1.4467058e+00
  -5.1899143e-01
   5.5492918e-01
   4.1622656e-01
   1.1760087e+00
  -2.5467171e-01
  -1.3094121e-01
  -1.3362004e+00
  -2.3681396e-01
  -1.0614405e+00
  -1.6598755e+00
   5.0283086e-01
  -9.7468359e-02
  -3.1287062e-01
  -1.2637747e+00
  -3.3052497e-02
  -5.2054081e-02
   4.0753499e-01
  -6.7148735e-01
  -4.6027087e-01
   6.0246733e-01
   3.5353674e-01
   7.0302530e-01
  -3.2489802e-01
   1.3652054e-01
  -1.0767457e+00
   2.0807961e+00
  -4.1746402e-02
  -4.5745736e-01
  -8.4190886e-01
   1.5054422e+00
   3.5220871e-01
   5.5894028e-02
   3.9145342e-01
  -2.2907517e-01
  -2.6175729e-01
  -7.1855721e-01
  -2.0293999e-02
  -9.3124406e-01
   1.0910864e+00
  -5.9434107e-01
  -1.1464688e-01
  -2.0232467e-01
   1.4009830e+00
  -9.7363231e-01
  -9.5511150e-01
   9.3662833e-01
   4.8136912e-01
  -1.1834445e+00
   6.1110164e-01
   1.8800101e-01
   7.0500259e-01
   4.8230660e-01
   1.0126062e+00
  -1.3941995e+00
  -1.0743547e+00
  -3.9443271e-01
  -1.9062996e-01
   6.8725727e-01
   7.3082356e-01
  -1.6431665e+00
   4.4535777e-01
  -2.7418801e-01
   4.7681153e-01
   6.7694474e-01
   8.1144544e-01
   2.4125365e-01
   5.6102542e-01
  -7.3145049e-01
  -3.1655101e-01
  -1.1776128e+00
  -6.1360674e-01
   1.1241547e-01
   9.9915491e-01
  -2.9860476e-01
  -4.3116397e-01
   1.9527224e-01
  -5.2371661e-01
  -9.7945482e-02
   3.5542865e-01
   1.0050750e+00
  -1.1610243e+00
  -4.0644822e-01
   1.2740374e-01
   1.2746841e+00
   7.5404974e-01
  -4.1435722e-01
  -9.5242314e-01
   6.0752668e-01
   8.6627703e-01
   1.2853692e+00
  -1.7491108e-01
  -4.9966174e-01
  -5.7664925e-01
   8.4147685e-01
   4.5172804e-02
   2.2549663e-01
   6.8293566e-01
   5.3506168e-02
  -7.7427681e-01
  -1.3994212e+00
   6.3607225e-01
  -7.5156297e-01
  -1.8036642e-01
  -3.3919364e-01
  -2.0743054e-01
  -2.3174266e-01
   1.7598768e+00
   1.1258527e-01
  -6.8160063e-01
  -1.7922037e+00
   1.5227338e-01
   3.1604738e-01
   9.2137880e-01
  -5.6116450e-01
  -1.0249632e-01
  -2.1750445e-01
  -3.0599048e-01
   1.9258177e+00
   2.7230146e-01
  -1.7046600e-01
   2.9801917e-01
  -8.0708459e-02
   1.3782752e+00
  -7.3195576e-01
   3.4330364e-01
   4.7304600e-01
   1.4795129e-01
  -2.7080315e-01
  -2.6828749e-01
  -8.5698069e-01
   9.9420753e-01
   7.3893761e-01
   7.5510251e-01
  -3.1319676e-01
  -7.6878764e-01
   7.0003495e-02
   1.1224586e+00
  -1.0406839e+00
   1.9720949e-02
  -6.7253146e-03
  -9.3536013e-01
   6.8227935e-01
   1.6235693e-01
   2.6450025e-01
  -3.1168875e-01
   4.6142392e-02
   9.0311489e-01
   5.4898544e-01
   1.2287331e+00
   4.4022881e-01
   1.1776070e+00
  -7.4318136e-01
   1.5997387e+00
   1.3946217e+00
  -1.8387131e+00
  -2.7649037e-01
  -9.2050217e-01
  -6.0453189e-01
  -3.0891799e-01
  -6.9866623e-02
   1.0337616e+00
  -8.3057703e-01
  -4.5740808e-01
  -1.6842336e+00
   2.0555765e-01
   5.3690351e-01
  -5.7570206e-01
   1.6567667e+00
   2.4771845e-01
  -1.9395827e-01
  -8.3472884e-02
   1.5356078e+00
  -3.2139615e-01
   8.0647035e-01
  -5.9436725e-01
   6.2064734e-01
  -2.6309012e-01
   5.9256351e-01
   8.3766065e-01
   1.1739899e+00
   2.1118489e+00
   8.4977136e-02
  -9.1702314e-02
   5.0484370e-01
   4.5448890e-01
   1.7790738e+00
  -1.0330357e+00
   1.3710260e+00
   1.3292095e+00
  -8.0576949e-01
   3.1585883e-01
   1.3669001e+00
  -3.7800297e-01
  -1.5883363e-01
   7.2048304e-01
   1.8363714e+00
  -5.7648370e-02
  -1.9184981e-01
   9.2639037e-01
   1.1647562e-01
   1.1529776e-01
  -4.0298726e-01
   6.0353723e-01
  -3.9983974e-01
   4.6316589e-02
  -6.9242067e-01
   9.8516746e-02
  -7.1799481e-01
  -2.7206601e-01
   4.0129879e-01
  -2.3897050e-01
   4.8614703e-01
  -8.2446468e-01
  -5.6857852e-01
   1.9172856e-01
  -8.6796582e-01
  -1.1584115e+00
  -2.5655771e+00
   2.1738307e-01
   8.2258356e-01
  -4.1975642e-01
  -4.3224988e-01
  -1.6859521e+00
   1.4220294e+00
  -4.1403322e-01
   1.8493720e-01
  -4.3985097e-01
  -8.5095565e-01
   2.9843494e-02
   5.6528711e-01
   5.3508154e-03
  -4.0345432e-02
  -7.4310489e-02
  -9.3858009e-01
   2.3199179e-01
   7.2727568e-01
  -2.1053746e+00
   1.0631507e+00
  -1.0920171e+00
   1.9831552e-02
   3.8120536e-01
  -4.2913677e-01
  -1.4915440e-01
  -1.2575742e+00
   7.0558138e-01
  -1.2110372e+00
  -7.0639864e-01
   2.1909930e-01
   6.5224783e-01
   4.5981502e-01
   1.0036979e+00
  -7.6727272e-01
   4.9654437e-01
  -3.3772513e-01
  -4.5070342e-01
   2.7493853e-01
  -1.1663843e-01
  -1.1634969e-01
  -6.9002249e-01
  -1.3173679e-01
  -3.1273835e-01
   3.8061347e-01
   3.6444849e-02
  -4.0608802e-01
   1.2382230e+00
  -6.0671945e-01
   1.2782978e-01
  -5.4552369e-01
   2.6737418e-01
  -4.3237469e-01
  -7.1826061e-02
   1.4454849e+00
   8.7324485e-01
   2.8726887e-01
  -1.0554167e+00
   1.3260084e-01
  -6.7252817e-01
   2.9032098e-01
   3.4136565e-01
   1.3117197e-01
  -1.3132509e+00
   4.4259573e-02
   7.7359280e-01
  -1.3142889e-01
  -2.2941986e-02
  -1.0911878e-01
  -1.0149654e+00
  -4.8674941e-01
  -4.1604153e-01
  -2.6515510e-01
  -1.2715269e+00
  -1.7544456e-01
  -2.1644078e-01
   2.7865917e-01
  -1.2584089e-01
   9.5659721e-03
  -1.4666231e-01
  -1.0693109e+00
  -1.0975886e-01
   1.5768417e-01
   8.0657946e-01
   2.9442666e-01
  -3.4192185e-01
   5.2207644e-01
  -9.2060186e-01
   1.4463516e-01
   6.4318435e-01
  -1.1675835e+00
  -4.6550226e-01
  -1.4045572e+00
  -1.0856735e+00
  -1.2157485e+00
  -6.2762810e-01
  -1.8593288e-01
  -1.5307291e-01
  -8.3519256e-01
  -3.6609103e-01
  -1.4666934e+00
  -2.1341640e+00
  -3.8420795e-01
   5.1418648e-01
  -1.8573710e-01
  -8.1677186e-01
  -8.2772674e-01
  -8.6083514e-01
  -1.8025149e+00
   2.9860094e-01
  -1.3940945e+00
  -5.8445159e-02
   8.8672708e-01
  -1.7716551e-01
  -1.1379810e+00
   1.1985695e+00
  -3.4316622e-01
  -5.0092365e-02
   1.9567683e-01
  -2.1343603e-01
  -1.8275488e+00
   7.2425906e-01
   5.2995960e-01
  -1.9021303e+00
  -1.4150801e-01
  -4.6950321e-01
   2.2550370e-01
  -2.8176514e-01
  -4.5476895e-02
  -7.0833935e-01
  -3.0986437e-01
  -1.0206041e-01
  -4.1247337e-01
   6.6000733e-01
   9.2793521e-01
   9.6615579e-01
   7.3448125e-01
   4.3974004e-01
   5.6544789e-01
  -2.0623395e-01
  -5.8069096e-01
  -4.9011360e-01
  -3.4448535e-01
   1.5482631e+00
   5.7094378e-01
  -7.7851320e-01
   5.9488590e-01
   3.9578254e-01
  -4.9971810e-01
  -8.4102774e-01
  -6.1373501e-01
   1.1072290e+00
  -8.4857549e-01
   8.5668109e-01
  -4.2854134e-01
   1.6526353e-01
   1.2351437e+00
  -1.2935722e-01
   3.2190206e-02
   1.8663835e-01
   1.4897039e+00
  -1.2462582e+00
  -6.4994079e-02
   7.0519691e-01
   2.7327614e-01
  -4.3983021e-01
  -2.1390162e-01
  -8.6862200e-01
  -3.5882592e-01
  -1.5050824e-01
   1.0013291e+00
   1.3077967e+00
   1.1849085e+00
  -5.8988857e-01
   1.3435418e-01
   4.9053010e-01
  -5.9044986e-01
   4.2188444e-01
   4.4000482e-01
  -3.1024365e-01
   5.5647989e-01
  -3.9920086e-01
   8.5738053e-01
  -1.4602630e+00
   5.3135974e-01
  -5.1555932e-01
  -1.2676210e+00
  -2.2009078e-01
   2.7930907e-01
  -4.7933256e-01
  -1.2511840e+00
  -6.1060702e-01
  -5.1630971e-01
  -9.3587164e-01
  -4.5767220e-01
   4.4310840e-01
   1.2871186e-02
  -8.4359059e-01
   6.8459811e-01
  -6.1756238e-01
   5.3483834e-01
  -5.3430595e-01
  -4.4079517e-01
  -7.8487454e-01
   5.2059332e-01
  -1.3374970e-01
  -4.5096665e-01
   6.4829868e-01
   2.6030000e-03
   9.5999933e-01
   3.9902419e-01
   3.5381516e-02
   4.1973403e-02
  -3.1505407e-01
   1.7640977e+00
  -1.9780828e-01
   5.8741487e-01
   3.1994725e-01
   6.1716113e-01
  -1.1201256e-01
   9.7161823e-01
  -1.5724654e+00
  -4.8305084e-01
  -1.4332975e+00
   1.3753681e-01
   1.5689654e+00
  -1.0724852e+00
   6.0203252e-01
  -5.0257249e-01
   8.0733069e-01
  -1.6950080e-01
   1.2027212e-01
   2.8977756e-01
   1.2398302e+00
  -5.6631205e-01
   9.4476380e-01
   5.3218648e-01
   2.6298583e-01
  -2.3571646e-01
  -9.6041670e-02
  -5.2829580e-01
  -9.8326379e-01
   9.4968901e-01
  -2.4046549e-01
  -1.2014652e+00
   1.0720521e-01
   1.2510954e+00
  -3.2067400e-01
   2.6434193e-01
   1.8848335e-01
  -4.0816918e-01
  -1.1188665e+00
  -6.4635944e-01
   2.9074742e-01
  -8.6609682e-01
   6.0532521e-01
   3.6593291e-01
   1.0037232e-01
   4.0817986e-01
  -1.1339049e+00
  -1.1128730e+00
   1.4245913e+00
   1.2562056e+00
  -2.4867353e-01
   2.0721661e+00
  -7.9188589e-03
   1.4663372e+00
  -6.2974184e-02
  -5.9785503e-01
   2.6057641e-01
   1.3795274e+00
  -2.5257706e-01
  -2.1532617e+00
  -1.0588408e+00
  -5.2652960e-01
   2.7110244e-01
  -7.9644520e-01
  -2.9654814e-01
   1.9947936e+00
  -2.6509907e-01
  -1.4116823e+00
  -2.9110118e-01
   7.0813711e-01
  -9.0723925e-01
  -9.3886509e-01
  -1.0289010e+00
  -1.7745672e-01
   3.9182426e-01
  -6.3855931e-01
   1.7779653e+00
   5.3078698e-02
  -1.0249573e+00
   1.1418884e+00
   3.9789458e-01
   4.2622998e-01
  -1.4162884e-01
  -6.6308316e-01
  -1.0037742e-01
  -8.2571487e-01
   8.6230620e-01
  -5.4107533e-01
   8.5513256e-02
  -5.7225324e-01
  -4.7779151e-01
   6.7559015e-01
   8.7748125e-02
  -2.9571867e-01
  -6.7425866e-01
  -5.6577800e-01
  -9.7007065e-01
   1.2712642e+00
  -4.3094733e-01
  -2.7020509e-01
  -4.8327966e-01
   2.9156869e-01
   9.5194894e-01
  -8.4260548e-01
   6.2928291e-02
  -2.9013152e-01
   8.3975804e-01
  -9.6241083e-01
   9.0400470e-01
   1.5682954e+00
   1.1178985e+00
   2.4592198e-01
   7.1513901e-01
  -9.0185305e-01
  -4.8772041e-02
   6.3140466e-01
   2.0845012e-01
  -6.4887308e-01
  -7.0493296e-02
  -1.1024119e+00
  -5.1559080e-01
  -3.0940446e-01
   1.1260906e+00
  -3.3321549e-01
  -1.0489302e+00
   3.2514291e-02
   1.2761189e+00
   9.0593785e-01
   3.4773669e-01
  -4.8805153e-01
   9.1746573e-01
   1.4750684e+00
  -8.0974436e-01
   4.0913154e-02
   1.4215285e+00
   3.9128505e-01
  -2.0628916e-01
   1.6024382e-01
  -1.2031508e+00
  -4.6527709e-01
   1.0726368e+00
  -3.0017165e-02
  -1.8135506e+00
  -4.9950015e-01
   2.8290252e-01
  -4.0923388e-01
  -2.8032626e-01
  -7.1497310e-01
   1.0237750e+00
   4.3703112e-01
   5.0111090e-01
  -6.1408893e-02
   1.6140122e-01
  -6.1000735e-01
  -6.0421835e-01
  -5.7899326e-01
  -1.5769427e+00
  -8.3509222e-01
  -7.8828196e-01
   2.7554636e-01
  -1.3635871e+00
   1.1568902e+00
   1.3048800e-01
   1.4764682e-01
  -1.3962274e-01
   8.7640948e-01
   3.8028505e-01
  -9.2602843e-01
   8.3830317e-02
  -7.0549146e-01
  -1.6901054e-01
  -7.2342633e-01
   4.2662099e-01
   1.0980779e+00
   1.8781756e-01
  -1.4403414e+00
   1.8040044e-01
  -1.6537320e-01
  -4.1629028e-01
  -4.3618790e-01
  -8.5936322e-01
  -2.3060426e-01
   2.7398159e-01
  -1.3976012e-01
   7.0003193e-01
  -9.0814174e-03
   1.2945651e-01
  -1.0972804e+00
  -3.9221762e-01
   1.4226922e-01
   8.8704681e-02
   1.5450063e-02
  -1.4534070e+00
  -1.3267950e+00
  -8.4284033e-01
