   1.1800000e+02
   2.4600000e+02
   2.4700000e+02
   3.8100000e+02
   4.3100000e+02
   5.7500000e+02
   7.4600000e+02
   9.0600000e+02
   1.0120000e+03
   1.2180000e+03
   1.2890000e+03
   1.4150000e+03
   1.4620000e+03
   1.5150000e+03
   1.7860000e+03
   1.7970000e+03
   1.8850000e+03
   2.1400000e+03
   2.4820000e+03
   2.5480000e+03
   2.6130000e+03
   2.6170000e+03
   2.7930000e+03
   2.8760000e+03
   2.8870000e+03
   3.0610000e+03
   3.1780000e+03
   3.2860000e+03
   3.4360000e+03
   3.6530000e+03
   3.8490000e+03
   4.0320000e+03
